#timestamp x y z qx qy qz qw
23.950001 -0.000000 -0.000000 -0.000000 -0.000000 0.000001 0.000000 1.000000
32.050002 -0.323632 0.238229 0.971726 0.000281 -0.258438 0.064767 0.963854
33.050002 -1.166857 0.302224 1.497653 -0.009697 -0.631605 0.164209 0.757639
34.066668 -2.068701 0.126878 1.055841 0.005402 0.924867 -0.241001 -0.294126
35.083335 -2.277030 -0.011828 0.308618 0.000044 0.967101 -0.251761 0.036506
36.083335 -2.142219 -0.116401 -0.216087 -0.002004 0.954326 -0.248088 0.166462
37.083335 -1.873186 -0.389584 -1.143688 -0.003626 0.966807 -0.249876 0.053236
38.116669 -1.895546 -0.548493 -1.741229 -0.004013 0.968063 -0.250399 0.011778
41.150002 -1.799369 -0.605506 -2.028462 -0.005072 0.958610 -0.247643 0.140411
42.166669 -2.040542 -0.829667 -2.939319 -0.001194 0.888974 -0.232095 -0.394786
43.166669 -2.945530 -0.954189 -3.299827 -0.005045 -0.547399 0.146218 0.823983
44.166669 -3.534578 -0.769821 -2.440334 -0.007364 -0.199180 0.056796 0.978288
45.166669 -3.525527 -0.518353 -1.512814 -0.009393 0.246275 -0.056873 0.967484
46.166669 -2.688948 -0.386165 -1.016935 -0.011688 0.627926 -0.154868 0.762619
47.200002 -1.657036 -0.358018 -0.957657 -0.013147 0.693687 -0.171794 0.699366
48.200003 -0.656504 -0.344899 -0.989340 -0.013739 0.693295 -0.170740 0.700001
49.216669 0.366110 -0.321060 -1.020926 -0.013691 0.692895 -0.169551 0.700686
50.233336 1.386511 -0.301956 -1.030897 -0.013935 0.692952 -0.168392 0.700905
51.250003 2.412786 -0.258867 -1.063979 -0.013483 0.692516 -0.168133 0.701406
52.266669 3.434107 -0.239417 -1.089661 -0.013508 0.692227 -0.167251 0.701901
53.300003 4.472474 -0.214313 -1.111750 -0.013620 0.692090 -0.166836 0.702133
54.316669 5.529864 0.002109 -1.261780 -0.008616 0.840226 -0.214323 0.498007
55.316670 6.258396 -0.387348 -1.827668 -0.015805 0.867349 -0.213611 0.449251
56.333336 7.041336 -0.535403 -2.444638 -0.016415 0.866472 -0.212835 0.451284
57.333336 7.861344 -0.655914 -3.025564 -0.016357 0.866416 -0.212995 0.451319
58.333336 8.664696 -0.769629 -3.626282 -0.015769 0.865633 -0.213401 0.452649
59.333336 9.465679 -0.930709 -4.200267 -0.017354 0.865695 -0.211346 0.453435
60.333336 10.122437 -1.065244 -4.920994 -0.017075 0.951849 -0.239395 0.190742
61.350003 9.956626 -1.328683 -5.878043 -0.016393 0.950529 -0.245651 -0.189427
62.366670 9.583411 -1.576849 -6.822242 -0.016260 0.950469 -0.245908 -0.189401
63.400003 9.183789 -1.831966 -7.772070 -0.016282 0.950532 -0.246099 -0.188836
64.416670 8.823381 -2.099235 -8.722507 -0.016758 0.961174 -0.247977 -0.119879
65.433337 8.637021 -2.351434 -9.620214 -0.016192 0.953700 -0.246072 -0.172171
71.450004 8.538280 -2.526099 -10.264904 -0.016881 0.966473 -0.247263 -0.067133
72.466670 7.922347 -2.728213 -11.064476 0.010517 -0.782023 0.210486 0.586536
73.466670 7.026752 -2.697589 -10.974742 0.002069 -0.383630 0.115328 0.916255
3.333334 4.128516 -1.178758 -5.406918 -0.011015 0.787247 -0.193097 0.585521
8.366667 4.805703 -1.302705 -5.400266 -0.013385 0.717870 -0.168754 0.675283
9.366667 5.830402 -1.258371 -5.353747 -0.009347 0.474506 -0.104737 0.873949
10.366667 6.593957 -1.075096 -4.753579 -0.011366 0.572432 -0.130372 0.809441
11.366667 7.587118 -1.048321 -4.844861 -0.015489 0.904587 -0.221398 0.363957
12.383334 8.153528 -1.250875 -5.652370 -0.016390 0.908145 -0.222746 0.354101
13.383334 9.024798 -1.336272 -6.012957 -0.015590 0.742792 -0.174670 0.646148
14.400001 9.971041 -1.462246 -6.296575 -0.020463 0.788415 -0.182429 0.587114
15.416667 10.967969 -1.457721 -6.298604 -0.019154 0.659524 -0.144077 0.737498
16.433334 11.920309 -1.360070 -6.040159 -0.012835 0.419910 -0.080217 0.903923
17.450001 12.183319 -1.118462 -5.127679 -0.002136 -0.116624 0.051789 0.991823
18.450001 11.442501 -0.964909 -4.595749 0.004088 -0.606279 0.170083 0.776840
19.466668 10.429416 -1.026238 -4.502497 0.000965 -0.606275 0.167550 0.777404
20.483334 9.707542 -0.827587 -3.842396 -0.004727 -0.336675 0.097653 0.936532
21.500001 8.880539 -0.662005 -3.287000 -0.002847 -0.493175 0.134579 0.859453
22.500001 7.884841 -0.602591 -3.067886 -0.002839 -0.599843 0.159364 0.784081
23.516668 6.886463 -0.548328 -2.818342 -0.002905 -0.601484 0.158317 0.783036
24.516668 5.895841 -0.499768 -2.615008 -0.002295 -0.602011 0.158086 0.782679
25.516668 4.915623 -0.544516 -2.412641 -0.002999 -0.602478 0.157144 0.782507
26.516668 3.924214 -0.571958 -2.391193 -0.000313 -0.798796 0.206984 0.564874
27.533335 3.053752 -0.722656 -2.940872 -0.001015 0.843683 -0.217690 -0.490723
28.550001 2.159452 -0.863647 -3.465685 -0.001600 0.843840 -0.217675 -0.490458
29.566668 1.296767 -1.026916 -4.048203 -0.003214 0.912125 -0.234744 -0.336027
30.583335 0.866079 -1.290377 -4.947413 -0.004352 0.953186 -0.242977 -0.179942
31.583335 0.520968 -1.525376 -5.906085 -0.004728 0.953049 -0.243182 -0.180385
32.583335 0.156044 -1.782808 -6.848234 -0.005054 0.953156 -0.242837 -0.180271
33.600002 -0.220460 -2.016240 -7.793786 -0.005458 0.953890 -0.243193 -0.175846
35.633335 -0.360519 -2.271818 -8.841045 -0.006201 0.968060 -0.246365 -0.046094
36.650002 -0.440520 -2.565961 -9.838874 -0.006608 0.968291 -0.245343 -0.046640
37.650002 -0.441944 -2.874897 -10.783656 -0.006034 0.968707 -0.243270 -0.048884
38.683335 -0.629924 -3.122809 -11.739882 -0.005790 0.903468 -0.228533 -0.362607
39.683335 -1.222826 -3.389661 -12.393795 -0.006076 0.942087 -0.233664 -0.240492
40.683335 -2.027985 -3.502432 -12.965500 0.006655 -0.680582 0.173226 0.711868
41.700002 -3.049695 -3.559667 -13.156738 -0.007992 0.938131 -0.234233 -0.254916
42.716669 -3.395552 -3.843889 -14.061606 -0.007520 0.960262 -0.235819 -0.149098
43.716669 -3.702077 -4.191654 -14.925046 -0.006603 0.961899 -0.229784 -0.148005
44.733336 -4.008865 -4.478389 -15.840075 -0.006212 0.962888 -0.226081 -0.147292
45.750002 -4.337471 -4.748656 -16.742226 -0.006033 0.964140 -0.222194 -0.145012
46.750002 -4.579525 -5.012323 -17.660067 -0.004306 0.969162 -0.219348 -0.112220
47.750002 -4.342149 -5.210826 -18.592155 0.002299 0.959246 -0.215346 0.182940
48.766669 -3.739805 -5.382139 -19.419174 0.008580 0.861005 -0.192692 0.470602
49.783336 -2.749761 -5.524379 -19.573019 0.011441 0.705569 -0.152772 0.691883
50.816669 -2.140312 -5.535055 -19.516790 0.009560 0.691749 -0.147943 0.706757
54.833336 -1.448327 -5.490329 -19.354757 0.008618 0.620304 -0.130536 0.773375
55.866670 -0.430212 -5.460663 -19.453033 -0.000277 0.809191 -0.177269 0.560165
56.883336 0.370009 -5.664646 -19.984871 -0.010657 0.903500 -0.197866 0.380032
57.900003 1.088290 -5.776323 -20.683788 -0.011578 0.904307 -0.198779 0.377599
58.900003 1.791022 -5.876859 -21.380951 -0.011432 0.904377 -0.199771 0.376914
59.900003 2.516922 -5.997041 -22.063259 -0.011808 0.905240 -0.199777 0.374821
60.933337 3.192951 -6.119688 -22.832140 -0.014428 0.937796 -0.210238 0.275919
61.933337 3.563039 -6.286345 -23.740894 -0.016443 0.960358 -0.218259 0.172640
62.933337 3.903746 -6.471656 -24.664183 -0.015908 0.955305 -0.216923 0.200211
63.933337 4.704728 -6.523005 -25.179979 -0.000716 0.715370 -0.154593 0.681430
64.950003 5.628418 -6.405226 -24.801392 0.005728 0.480731 -0.097203 0.871445
65.950003 5.798785 -6.376466 -24.699259 0.005560 0.459747 -0.092385 0.883214
68.950004 5.906948 -6.353920 -24.617945 0.006279 0.416585 -0.082279 0.905344
69.950004 6.198025 -6.271237 -24.292883 0.006906 0.318572 -0.058589 0.946061
70.966670 6.586211 -6.101288 -23.621099 0.006393 0.235275 -0.038520 0.971144
71.966670 7.069020 -5.880165 -22.724911 0.004208 0.234788 -0.038615 0.971270
72.966670 7.538197 -5.656339 -21.845984 0.001934 0.234196 -0.038580 0.971422
73.966671 8.004972 -5.412458 -20.972881 -0.000348 0.233203 -0.038946 0.971648
74.983337 8.476086 -5.178519 -20.084702 -0.002179 0.232272 -0.038858 0.971872
76.000004 8.954139 -4.938930 -19.190195 -0.004133 0.230799 -0.039004 0.972211
77.000004 9.414733 -4.706568 -18.320198 -0.005841 0.229274 -0.039095 0.972559
78.000004 9.869489 -4.462551 -17.441868 -0.006770 0.228066 -0.038994 0.972841
79.016671 10.183128 -4.275941 -16.793709 -0.007316 0.202091 -0.032520 0.978799
87.133338 10.245873 -4.230489 -16.625685 -0.006612 0.147988 -0.019040 0.988784
88.133338 10.405884 -3.979867 -15.681925 -0.006765 0.081488 -0.001956 0.996649
89.150005 10.571862 -3.706931 -14.697172 -0.007659 0.078969 -0.001942 0.996846
90.150005 10.996321 -3.462238 -13.852459 -0.013009 0.362919 -0.077296 0.928518
91.150005 11.679437 -3.252986 -13.155379 -0.012738 0.350570 -0.074191 0.933506
92.150005 11.910045 -2.995602 -12.203914 -0.007986 0.020589 0.012668 0.999676
93.166672 12.109029 -2.717815 -11.235355 -0.008809 0.071892 -0.001245 0.997373
94.183338 12.245190 -2.458267 -10.249641 -0.009112 0.069501 -0.000852 0.997540
95.200005 12.381668 -2.195743 -9.266799 -0.009236 0.067466 -0.000726 0.997679
96.200005 12.361648 -1.950915 -8.292314 -0.005027 -0.177612 0.062392 0.982108
97.216672 11.603875 -1.788918 -7.590000 -0.002232 -0.403321 0.118894 0.907299
98.216672 11.416159 -1.753836 -7.438513 -0.002282 -0.426797 0.125102 0.895650
100.250005 11.054482 -1.680698 -7.236622 -0.001322 -0.504649 0.145291 0.851010
101.266672 10.117993 -1.591958 -6.832483 -0.002338 -0.505258 0.146372 0.850461
102.283339 9.459200 -1.443897 -6.117349 -0.007772 -0.135981 0.048132 0.989511
103.283339 9.423265 -1.390606 -5.886944 -0.007926 -0.063351 0.027986 0.997567
105.333339 9.290799 -1.280822 -5.479316 -0.006785 -0.175941 0.056666 0.982745
106.333339 9.334734 -1.025076 -4.543541 -0.009880 0.107810 -0.017042 0.993976
107.333339 9.483638 -0.766265 -3.585155 -0.009049 0.047083 -0.001375 0.998849
108.333339 9.516464 -0.505012 -2.614890 -0.007631 -0.033158 0.019229 0.999236
109.333339 9.533787 -0.247016 -1.650842 -0.007938 0.061557 -0.005422 0.998057
110.333339 9.524626 0.007213 -0.680991 -0.006513 -0.027416 0.017696 0.999446
111.350006 9.649105 0.266425 0.292123 -0.008277 0.196219 -0.040136 0.979703
112.383339 10.057315 0.514132 1.211859 -0.008114 0.215730 -0.045158 0.975375
113.400006 10.297249 0.600996 1.512708 -0.010329 0.527506 -0.127052 0.839934
114.400006 9.611454 0.500428 1.180221 -0.009656 0.505808 -0.121180 0.854038
115.416673 8.725883 0.356188 0.698608 -0.008358 0.386303 -0.089586 0.917973
116.433339 8.341662 0.118628 -0.179009 -0.004405 -0.022336 0.015942 0.999614
117.433339 8.572054 -0.049061 -0.855520 -0.001571 -0.252426 0.074002 0.964781
118.433340 8.279825 0.038757 -0.488707 -0.000456 -0.343825 0.095859 0.934128
119.450006 7.597042 0.212111 0.268585 -0.000818 -0.340847 0.094249 0.935382
120.450006 6.943551 0.397969 1.000621 -0.000578 -0.315372 0.087363 0.944938
121.466673 6.522169 0.613791 1.878551 0.000392 -0.345368 0.095001 0.933647
122.466673 5.556715 0.629728 2.118724 0.003923 -0.776801 0.201202 0.596727
123.466673 4.774396 0.466873 1.428006 -0.005947 0.907928 -0.231759 -0.349169
124.483340 4.004533 0.310110 0.838061 0.004340 -0.732260 0.189081 0.654236
125.483340 2.979444 0.278634 0.761130 0.005533 -0.719187 0.185144 0.669672
126.483340 2.759966 0.241746 0.723206 0.006398 -0.735356 0.188783 0.650824
128.516673 1.812444 0.135955 0.377095 0.005084 -0.803986 0.208746 0.556781
129.516673 0.847590 0.133988 0.512004 0.000789 -0.410712 0.111945 0.904866
130.516673 0.539078 0.357456 1.415166 -0.001261 -0.069699 0.026507 0.997215
131.533340 0.254192 0.590755 2.354964 0.001253 -0.277302 0.079510 0.957486
132.533340 -0.473325 0.739529 3.034424 0.002080 -0.390431 0.108721 0.914188
133.550007 -1.393645 0.771973 3.431498 0.003361 -0.634018 0.168488 0.754733
134.550007 -2.363515 0.735780 3.611477 0.000680 -0.636170 0.167755 0.753091
135.550007 -3.349321 0.738165 3.798987 -0.001074 -0.638792 0.167965 0.750820
136.566674 -4.361220 0.783677 3.949620 -0.000816 -0.640127 0.169267 0.749390
137.600007 -5.387044 0.787549 4.091697 -0.001962 -0.661399 0.174473 0.729456
138.616674 -6.290100 0.886040 4.523943 -0.003866 -0.501952 0.133610 0.854504
139.633341 -7.124969 1.038165 5.089331 -0.004209 -0.427756 0.115154 0.896519
140.650007 -7.758265 1.221780 5.839074 -0.006678 -0.156835 0.044772 0.986587
141.650007 -7.499656 1.463940 6.724658 -0.008097 0.313243 -0.076873 0.946522
142.650007 -7.503717 1.460643 6.720837 -0.007577 0.251796 -0.060836 0.965837
236.883346 -7.495900 1.465216 6.739237 -0.007094 0.243702 -0.058919 0.968033
243.950013 -7.176257 1.693510 7.598940 -0.007047 0.173488 -0.040600 0.983974
244.950013 -6.943624 1.929928 8.493062 -0.005940 -0.102370 0.029762 0.994283
245.950013 -7.319358 2.042503 8.908642 -0.002975 -0.413009 0.109292 0.904141
246.966680 -7.835504 2.250193 9.740441 -0.003584 -0.166434 0.046100 0.984968
247.966680 -7.937866 2.498288 10.704082 -0.004554 0.026122 -0.002940 0.999644
248.983346 -7.735197 2.747478 11.659038 -0.005450 0.172580 -0.040729 0.984138
249.983346 -7.315950 2.979419 12.541751 -0.005944 0.209305 -0.049958 0.976555
250.983346 -7.044512 3.224385 13.471948 -0.005853 0.113838 -0.025367 0.993158
252.033346 -6.801967 3.485129 14.459977 -0.006056 0.114226 -0.025445 0.993110
253.033347 -6.572267 3.734590 15.407777 -0.006223 0.115023 -0.025804 0.993008
254.050013 -6.333104 3.987601 16.366331 -0.006521 0.115357 -0.026172 0.992958
255.050013 -6.098382 4.236278 17.304758 -0.006706 0.115810 -0.026436 0.992897
256.050013 -5.857701 4.485790 18.249737 -0.007119 0.143662 -0.033998 0.989017
257.050013 -5.515284 4.727106 19.150511 -0.007188 0.166891 -0.040211 0.985129
258.050013 -5.178304 4.969575 20.058796 -0.007330 0.167333 -0.040128 0.985056
259.050014 -4.841153 5.214125 20.966608 -0.007337 0.167817 -0.040020 0.984978
260.066680 -4.496136 5.459264 21.891195 -0.007518 0.168180 -0.039969 0.984917
261.083347 -4.212191 5.904978 22.826923 0.005622 0.173094 -0.042505 0.983972
262.083347 -3.787889 6.053336 23.700294 0.000691 0.330798 -0.081004 0.940219
263.083347 -2.866132 6.118467 24.025301 -0.001178 0.627314 -0.155786 0.763025
264.100014 -2.029680 6.260072 24.547068 0.000031 0.404847 -0.099620 0.908942
265.116680 -1.241962 6.410336 25.170942 -0.001293 0.449007 -0.110852 0.886625
266.116681 -0.274119 6.409519 25.174097 -0.001771 0.816585 -0.203521 0.540152
267.116681 0.723068 6.369822 24.974581 -0.000487 0.722279 -0.179517 0.667898
268.116681 1.508685 6.221246 24.388535 -0.000883 0.934807 -0.233097 0.267956
269.133347 1.629411 5.978786 23.421946 -0.001338 0.968949 -0.241766 -0.051823
270.150014 1.421374 5.742395 22.454300 -0.000700 0.961891 -0.240087 -0.130855
271.150014 1.163091 5.510436 21.517084 -0.000638 0.961971 -0.240155 -0.130138
272.166681 0.902241 5.272649 20.554640 -0.000453 0.962046 -0.240235 -0.129436
273.166681 0.645840 5.040630 19.617689 -0.000333 0.962149 -0.240351 -0.128455
274.200014 0.382043 4.792839 18.639658 -0.000263 0.962292 -0.240239 -0.127589
275.233348 0.117547 4.552621 17.663853 -0.000161 0.962375 -0.240532 -0.126406
276.250014 -0.135347 4.314593 16.706678 -0.000116 0.962456 -0.240764 -0.125344
277.250014 -0.384911 4.076549 15.764265 -0.000075 0.962586 -0.240992 -0.123899
278.250015 -0.630094 3.842520 14.827593 -0.000073 0.962695 -0.241214 -0.122611
279.250015 -0.870898 3.607184 13.887014 0.000066 0.962752 -0.241866 -0.120868
280.266681 -1.115618 3.364652 12.926667 0.000258 0.962800 -0.242454 -0.119297
281.283348 -1.357550 3.120002 11.961197 0.000550 0.962803 -0.243433 -0.117261
282.283348 -1.590340 2.881159 11.013170 0.001013 0.962747 -0.244819 -0.114803
283.300015 -1.822070 2.632003 10.047988 0.001177 0.962716 -0.245787 -0.112980
284.300015 -2.048525 2.387480 9.102507 0.001523 0.962696 -0.246589 -0.111390
285.316682 -2.274593 2.118463 8.126805 0.002087 0.959406 -0.246403 -0.137191
286.333348 -2.850029 1.918321 7.308538 0.003245 0.916434 -0.236258 -0.322988
287.350015 -3.110209 1.644830 6.365461 0.001646 0.967208 -0.250619 -0.041185
288.350015 -3.204829 1.381001 5.397449 0.001268 0.967124 -0.251140 -0.039994
289.350015 -3.084008 1.100778 4.426826 -0.001397 0.924864 -0.241135 0.294071
290.366682 -2.165579 0.994865 3.986742 -0.004806 0.765585 -0.199667 0.611547
291.366682 -1.193242 0.930453 3.747336 -0.005014 0.764482 -0.198926 0.613165
292.366682 -0.211663 0.872085 3.549138 -0.005932 0.702376 -0.183040 0.687844
293.383349 0.559142 1.018781 4.027481 -0.010959 0.239449 -0.064873 0.968677
294.400015 0.891524 1.276482 4.970247 -0.011910 0.154197 -0.041527 0.987095
295.400015 1.205048 1.532175 5.893830 -0.011816 0.152895 -0.040698 0.987333
296.400015 1.518687 1.784262 6.818362 -0.011824 0.151487 -0.039661 0.987592
297.416682 1.837403 2.046808 7.763102 -0.011473 0.150062 -0.039221 0.987832
298.433349 2.152008 2.305990 8.706949 -0.011368 0.148794 -0.038602 0.988049
299.433349 2.457530 2.563641 9.633450 -0.010906 0.147825 -0.038419 0.988207
300.433349 2.764422 2.814580 10.558851 -0.010833 0.146342 -0.037882 0.988449
301.450016 3.070689 3.073299 11.501677 -0.010585 0.145386 -0.037635 0.988602
302.500016 3.379377 3.340890 12.474535 -0.010333 0.144545 -0.037174 0.988746
303.500016 3.673217 3.594024 13.402335 -0.010032 0.143806 -0.036543 0.988880
304.500016 3.966258 3.848412 14.328565 -0.009759 0.143109 -0.036385 0.988990
305.500016 4.256569 4.096265 15.254737 -0.009983 0.142487 -0.035757 0.989100
306.516683 4.548832 4.349645 16.196850 -0.010093 0.142065 -0.035432 0.989172
307.533349 4.847554 4.602214 17.140991 -0.010388 0.141364 -0.034866 0.989289
308.533349 5.138869 4.848594 18.072618 -0.010601 0.140443 -0.033990 0.989448
309.533349 5.425188 5.078076 19.002779 -0.012021 0.139625 -0.033412 0.989568
310.533350 5.735240 5.247906 19.923704 -0.017988 0.136564 -0.031928 0.989953
311.550016 6.153066 5.539066 20.796354 -0.014668 0.388340 -0.098735 0.916094
312.566683 7.155096 5.599451 20.986958 -0.013358 0.631871 -0.165350 0.757113
313.583350 8.132764 5.689121 21.287468 -0.013376 0.671958 -0.175510 0.719368
314.583350 9.007173 5.574309 20.844641 -0.010288 0.848648 -0.223865 0.479140
315.600016 9.851902 5.439482 20.340601 -0.007962 0.926344 -0.243956 0.286894
316.600017 9.933053 5.178076 19.400665 -0.004139 0.966005 -0.255061 -0.041964
317.600017 9.408674 4.953862 18.606785 0.000252 0.893060 -0.237198 -0.382336
318.616683 8.675002 4.760926 17.938211 -0.001072 0.932640 -0.247302 -0.262723
319.616683 8.304478 4.513316 17.044004 -0.001862 0.941148 -0.247999 -0.229636
320.633350 7.991589 4.257733 16.111822 -0.002586 0.956311 -0.250689 -0.150393
321.633350 7.691619 4.002408 15.183167 -0.002334 0.956551 -0.249752 -0.150428
322.633350 7.394423 3.749748 14.260496 -0.002396 0.956816 -0.248445 -0.150903
323.633350 7.094957 3.500714 13.334891 -0.002501 0.956967 -0.247873 -0.150889
324.650017 6.918139 3.243009 12.370250 -0.003392 0.967407 -0.249575 -0.042719
325.666684 7.027246 2.983184 11.388964 -0.004085 0.966323 -0.248258 0.067603
326.683350 7.163655 2.727917 10.411953 -0.004102 0.966503 -0.247654 0.067248
327.700017 7.114707 2.477092 9.456377 -0.002528 0.942255 -0.242016 -0.231468
328.716684 6.829806 2.231472 8.522275 -0.003283 0.963452 -0.246319 -0.105241
329.716684 6.586474 1.989526 7.595068 -0.004061 0.968934 -0.246657 0.017640
330.733351 6.434914 1.733948 6.614561 -0.004029 0.969163 -0.246377 -0.002202
331.766684 6.279634 1.468571 5.630176 -0.004355 0.968630 -0.245540 0.038042
332.783351 6.285492 1.221903 4.656947 -0.004355 0.967484 -0.244747 0.063685
333.800017 6.264422 0.944603 3.691656 -0.005056 0.969535 -0.244694 -0.010060
334.800017 6.061231 0.691813 2.730610 -0.005093 0.964928 -0.243880 -0.097008
335.816684 5.890085 0.444944 1.752309 -0.005175 0.969506 -0.244999 -0.002705
336.833351 6.310183 0.240108 0.910238 -0.006250 0.839862 -0.208834 0.500981
337.833351 6.887559 0.036836 0.112716 -0.006037 0.969648 -0.244313 0.007604
338.833351 6.340050 -0.131461 -0.767300 0.004069 -0.823921 0.212513 0.525335
339.850018 5.312876 -0.090271 -0.813928 0.000696 -0.678054 0.177820 0.713178
340.850018 4.462136 -0.216893 -1.241382 -0.007530 0.923779 -0.234962 -0.302272
341.866684 4.528795 -0.379295 -2.275251 -0.008909 0.937736 -0.234470 0.256115
342.866685 5.330726 -0.599172 -2.706359 -0.009418 0.664856 -0.155940 0.730452
343.883351 6.303611 -0.489137 -2.356039 -0.005638 0.425681 -0.092901 0.900074
344.900018 7.052812 -0.291423 -1.667433 -0.004490 0.280945 -0.058055 0.957956
345.916685 7.793410 -0.103172 -1.004161 -0.006534 0.375288 -0.083776 0.923092
346.916685 8.358118 0.112391 -0.212972 -0.008089 0.400015 -0.090494 0.911994
347.916685 9.319078 0.189013 0.012783 -0.011161 0.661674 -0.159831 0.732473
348.916685 10.259021 0.061262 -0.198981 -0.016695 0.921866 -0.227532 0.313232
349.916685 10.378430 -0.203450 -1.145397 -0.018400 0.959201 -0.244746 -0.140338
350.950018 10.400531 -0.438800 -2.131501 -0.016998 0.936065 -0.233168 0.262919
351.950018 11.257366 -0.537488 -2.519517 -0.014326 0.664450 -0.153883 0.731177
352.950018 12.053188 -0.383817 -1.981542 -0.009587 0.301145 -0.057292 0.951808
353.950018 12.639268 -0.156210 -1.194536 -0.009207 0.288835 -0.054603 0.955776
354.950019 13.133704 0.082244 -0.349397 -0.008942 0.250246 -0.044741 0.967107
355.950019 13.321562 0.212514 0.117898 -0.007092 0.150004 -0.018708 0.988483
357.950019 13.596997 0.428037 0.901679 -0.010654 0.327531 -0.065154 0.942531
358.966685 14.219708 0.647915 1.666075 -0.008910 0.209938 -0.035076 0.977045
360.000019 14.561298 0.909127 2.604526 -0.008047 0.158206 -0.021768 0.987133
361.000019 14.874890 1.161543 3.526552 -0.008340 0.157475 -0.021898 0.987245
362.016686 15.191070 1.417545 4.459966 -0.008545 0.156878 -0.021909 0.987338
363.033352 15.503401 1.674518 5.396880 -0.008581 0.156482 -0.021903 0.987401
364.050019 15.820932 1.930366 6.327943 -0.009192 0.175042 -0.026930 0.984150
365.050019 16.230883 2.177819 7.210188 -0.009715 0.205499 -0.034927 0.977986
366.050019 16.636488 2.424404 8.091023 -0.009798 0.204928 -0.034682 0.978113
367.066686 17.046274 2.676451 8.988561 -0.009776 0.204400 -0.034612 0.978226
368.066686 17.453098 2.925603 9.872858 -0.009740 0.203695 -0.034625 0.978373
369.066686 17.853798 3.174729 10.758917 -0.009728 0.203340 -0.034506 0.978452
370.066686 18.254829 3.422774 11.641387 -0.009795 0.202798 -0.034411 0.978567
371.066686 18.652132 3.669264 12.528003 -0.009943 0.202545 -0.034482 0.978615
372.066686 19.062029 3.911187 13.410190 -0.010287 0.201352 -0.034322 0.978863
373.083353 19.454681 4.206214 14.308498 -0.007671 0.201631 -0.034892 0.978810
374.100020 19.489939 4.407685 15.259850 -0.004072 -0.181029 0.063598 0.981411
375.100020 19.550695 4.661862 16.188660 -0.010314 0.166543 -0.025897 0.985640
376.116686 19.875042 4.869257 17.106340 -0.015466 0.166566 -0.024982 0.985592
377.116686 19.941002 5.197521 18.061522 -0.001817 -0.153475 0.055942 0.986566
378.150020 19.142675 5.352073 18.673069 0.007268 -0.545133 0.149514 0.824878
379.166686 18.173931 5.418452 19.033436 0.006337 -0.546051 0.149552 0.824271
380.183353 17.230108 5.495834 19.444462 0.004108 -0.426583 0.119893 0.896457
381.183353 16.413046 5.615386 19.987106 0.007124 -0.608259 0.164121 0.776553
382.200020 15.387142 5.624425 20.124130 0.006627 -0.633859 0.169830 0.754544
383.216687 14.368180 5.637432 20.269938 0.006253 -0.634694 0.169833 0.753844
384.233353 13.357456 5.647252 20.411722 0.006101 -0.635537 0.169211 0.753275
385.250020 12.389645 5.702805 20.718161 0.004464 -0.530512 0.143074 0.835504
386.250020 11.460494 5.782011 21.110905 0.004087 -0.531435 0.142670 0.834988
387.266687 10.518699 5.863898 21.509146 0.003690 -0.532441 0.142286 0.834415
388.266687 9.591512 5.945999 21.896923 0.003587 -0.533004 0.142299 0.834053
389.300020 8.633527 6.028699 22.293015 0.003428 -0.533573 0.142127 0.833719
390.300020 7.710598 6.111787 22.677803 0.003277 -0.534254 0.142017 0.833303
391.333354 6.748509 6.194607 23.069149 0.002918 -0.534725 0.141992 0.833006
392.350020 5.800572 6.278501 23.456255 0.002697 -0.535238 0.142104 0.832658
393.366687 4.860629 6.356788 23.840029 0.002464 -0.535681 0.141826 0.832421
394.383354 3.918521 6.439009 24.216003 0.002281 -0.535860 0.141808 0.832310
395.400021 2.933140 6.491098 24.484207 0.002611 -0.599787 0.157261 0.784549
396.416687 1.943379 6.520157 24.718693 0.001823 -0.600384 0.156442 0.784259
397.433354 0.958145 6.511391 24.933041 -0.001007 -0.600026 0.153634 0.785089
398.433354 -0.035124 6.548302 25.034473 0.001440 -0.766094 0.196236 0.612037
399.450021 -0.904352 6.408747 24.524895 -0.000873 0.852288 -0.217016 -0.475929
400.466688 -1.750924 6.266878 23.984837 -0.000385 0.852523 -0.216987 -0.475522
401.483354 -2.487320 6.097297 23.321415 -0.001078 0.920201 -0.233821 -0.313936
402.500021 -3.089514 5.891395 22.533400 -0.000835 0.920368 -0.233741 -0.313508
403.516688 -3.696703 5.686985 21.739079 -0.000692 0.920601 -0.233671 -0.312877
404.516688 -4.285330 5.486619 20.961016 -0.000513 0.920678 -0.233719 -0.312615
405.533354 -4.887315 5.281311 20.167267 -0.000007 0.920856 -0.233746 -0.312069
406.533355 -5.372397 5.047105 19.285534 -0.000431 0.967635 -0.246251 -0.055167
407.550021 -5.176224 4.795994 18.320471 -0.001135 0.962645 -0.243895 0.117597
408.566688 -4.935597 4.546269 17.351389 -0.001428 0.962853 -0.243810 0.116052
409.583355 -5.224859 4.312237 16.438568 -0.000197 0.929886 -0.235997 -0.282167
410.583355 -5.767015 4.098131 15.619534 0.000320 0.930040 -0.236142 -0.281536
411.600021 -6.319006 3.882729 14.784943 0.000629 0.930218 -0.236374 -0.280750
412.600022 -6.860184 3.670425 13.964392 0.000725 0.930348 -0.236627 -0.280108
413.616688 -7.394024 3.451429 13.124329 0.001049 0.945058 -0.241288 -0.220554
414.616688 -7.792900 3.214296 12.225598 0.001256 0.949484 -0.241973 -0.199817
415.616688 -8.186944 2.981928 11.324360 0.001507 0.949527 -0.242472 -0.199007
416.616688 -8.581273 2.744571 10.425898 0.001748 0.949628 -0.242753 -0.198179
417.633355 -8.975819 2.506573 9.515010 0.001976 0.949692 -0.243142 -0.197390
418.633355 -9.589028 2.312921 8.766506 0.002959 0.893405 -0.228828 -0.386596
419.650022 -9.798462 2.039794 7.810998 0.000308 0.957380 -0.246386 0.150725
420.650022 -9.116729 1.851781 7.075044 -0.002541 0.866508 -0.223478 0.446336
421.650022 -8.536846 1.634221 6.287497 -0.000956 0.939755 -0.242181 0.241265
422.650022 -8.070940 1.402147 5.425803 -0.001304 0.939524 -0.242051 0.242288
423.650022 -7.569600 1.201933 4.573872 -0.000861 0.939410 -0.242834 0.241949
424.650022 -7.105097 0.953466 3.710374 -0.001045 0.939359 -0.243127 0.241855
425.650022 -6.821845 0.688991 2.771944 -0.000318 0.962289 -0.249583 0.108207
426.666689 -6.592113 0.424485 1.790532 0.000268 0.962220 -0.249828 0.108254
427.683356 -6.348670 0.143876 0.815066 -0.000009 0.962274 -0.249371 0.108828
428.700022 -6.142522 -0.105032 -0.155123 -0.000724 0.962305 -0.249142 0.109074
429.700022 -5.948973 -0.408511 -1.106274 -0.001768 0.962402 -0.248072 0.110629
430.716689 -5.721897 -0.641658 -2.083023 -0.002662 0.962151 -0.248555 0.111708
431.716689 -5.527763 -0.943072 -3.024970 -0.003781 0.962281 -0.247308 0.113311
432.733356 -5.230893 -1.164198 -3.944773 -0.003818 0.962293 -0.247485 0.112818
433.750023 -5.100416 -1.253261 -4.284205 -0.003791 0.959393 -0.246507 0.137059
448.883357 -5.014254 -1.324617 -4.516093 -0.004981 0.925639 -0.237154 0.294830
451.933357 -4.948446 -1.352714 -4.600817 -0.005408 0.907921 -0.232333 0.348814
